Total emissions: 333991.6099999999
 
time(s); Emission 
0.00;0.0
1.00;0.0
2.00;0.16000000000000003
3.00;0.5600000000000002
4.00;1.3000000000000007
5.00;2.380000000000001
6.00;4.499999999999998
7.00;6.989999999999995
8.00;9.759999999999994
9.00;13.89999999999999
10.00;19.65
11.00;25.699999999999992
12.00;32.03
13.00;40.9
14.00;51.21000000000001
15.00;61.17000000000001
16.00;76.67
17.00;92.24000000000002
18.00;101.78999999999998
19.00;122.39000000000001
20.00;144.72999999999993
21.00;163.40999999999997
22.00;180.17999999999998
23.00;199.26999999999995
24.00;230.97000000000006
25.00;250.91999999999996
26.00;285.28999999999974
27.00;295.21999999999997
28.00;314.17
29.00;335.59999999999997
30.00;341.39000000000016
31.00;365.06
32.00;378.58000000000004
33.00;371.0000000000001
34.00;406.5299999999996
35.00;438.88999999999936
36.00;439.49999999999955
37.00;459.4999999999997
38.00;471.2699999999996
39.00;473.2799999999998
40.00;479.6799999999998
41.00;476.66
42.00;501.9599999999995
43.00;491.40999999999974
44.00;500.9299999999996
45.00;504.0699999999997
46.00;468.85000000000014
47.00;491.7300000000001
48.00;511.1599999999995
49.00;507.69000000000005
50.00;530.0199999999995
51.00;545.0099999999994
52.00;550.4599999999998
53.00;546.4700000000003
54.00;559.3299999999994
55.00;551.3000000000003
56.00;540.15
57.00;570.82
58.00;576.4800000000002
59.00;560.0499999999994
60.00;579.4299999999992
61.00;570.0799999999998
62.00;560.2699999999996
63.00;596.5799999999997
64.00;583.2899999999997
65.00;623.0899999999996
66.00;606.9999999999997
67.00;576.3499999999993
68.00;574.9699999999999
69.00;579.4700000000003
70.00;602.9399999999996
71.00;617.9699999999992
72.00;612.9699999999987
73.00;609.7399999999998
74.00;609.7199999999997
75.00;599.4799999999997
76.00;615.7099999999999
77.00;612.1099999999999
78.00;629.5199999999988
79.00;632.5900000000001
80.00;650.0900000000003
81.00;632.7899999999998
82.00;652.0799999999997
83.00;688.9499999999996
84.00;655.3999999999996
85.00;663.4599999999992
86.00;659.1199999999992
87.00;624.8799999999997
88.00;622.9199999999998
89.00;623.7899999999994
90.00;593.3699999999994
91.00;598.4299999999993
92.00;599.76
93.00;611.7200000000001
94.00;607.7199999999997
95.00;620.4200000000006
96.00;640.3500000000003
97.00;616.34
98.00;630.8399999999989
99.00;627.7300000000004
100.00;637.8499999999996
101.00;617.85
102.00;598.9299999999994
103.00;587.3399999999998
104.00;555.3500000000001
105.00;541.3499999999999
106.00;563.8999999999997
107.00;577.2000000000003
108.00;592.6199999999997
109.00;544.7899999999996
110.00;570.6099999999999
111.00;562.1600000000005
112.00;567.3999999999999
113.00;548.6099999999991
114.00;557.0399999999995
115.00;536.4899999999996
116.00;554.4599999999994
117.00;515.1899999999998
118.00;499.4499999999999
119.00;521.7499999999994
120.00;506.7199999999998
121.00;510.9499999999995
122.00;486.67999999999995
123.00;469.7600000000002
124.00;487.2199999999995
125.00;465.7799999999998
126.00;474.0999999999998
127.00;486.69999999999965
128.00;470.99999999999955
129.00;467.5000000000001
130.00;474.13000000000017
131.00;469.97999999999985
132.00;487.33
133.00;470.26999999999964
134.00;461.0599999999998
135.00;442.4699999999995
136.00;408.16999999999985
137.00;377.24000000000007
138.00;380.99999999999983
139.00;370.4099999999999
140.00;374.2899999999999
141.00;382.6599999999998
142.00;390.27999999999986
143.00;380.6400000000001
144.00;382.0100000000001
145.00;384.10000000000014
146.00;363.0199999999997
147.00;350.9000000000002
148.00;346.6300000000001
149.00;335.8500000000003
150.00;364.5800000000002
151.00;343.6600000000003
152.00;346.17999999999967
153.00;346.2700000000002
154.00;362.9500000000002
155.00;389.12999999999954
156.00;401.99999999999994
157.00;436.3499999999998
158.00;428.7099999999999
159.00;416.55000000000024
160.00;412.34999999999997
161.00;404.46999999999986
162.00;367.6899999999999
163.00;383.6299999999996
164.00;392.4899999999998
165.00;375.29999999999984
166.00;357.4499999999997
167.00;371.3600000000003
168.00;359.3100000000001
169.00;359.60999999999996
170.00;349.3100000000001
171.00;369.49999999999994
172.00;347.22999999999973
173.00;368.45
174.00;367.97
175.00;360.76999999999975
176.00;366.1199999999997
177.00;362.87
178.00;373.5400000000001
179.00;401.78999999999985
180.00;379.2600000000001
181.00;371.2300000000001
182.00;401.7999999999997
183.00;433.04000000000013
184.00;426.07999999999987
185.00;426.0199999999995
186.00;393.16999999999973
187.00;388.83
188.00;386.96999999999974
189.00;369.72999999999985
190.00;346.15
191.00;328.56000000000006
192.00;323.0999999999999
193.00;320.33
194.00;313.6900000000001
195.00;307.44000000000005
196.00;281.41000000000014
197.00;279.2999999999999
198.00;288.5599999999998
199.00;304.32
200.00;330.0499999999997
201.00;288.4999999999999
202.00;290.5899999999998
203.00;270.91
204.00;274.86000000000007
205.00;292.6599999999998
206.00;298.6699999999996
207.00;320.55000000000007
208.00;322.36999999999983
209.00;319.47000000000037
210.00;319.74000000000007
211.00;311.7199999999999
212.00;295.77
213.00;299.41999999999985
214.00;292.30999999999983
215.00;294.90999999999985
216.00;305.8299999999998
217.00;312.4200000000002
218.00;306.49
219.00;314.84000000000026
220.00;330.79999999999984
221.00;350.03999999999985
222.00;348.27000000000004
223.00;350.32999999999987
224.00;332.95999999999987
225.00;333.56
226.00;317.77999999999975
227.00;327.87000000000006
228.00;312.4699999999997
229.00;334.86999999999995
230.00;336.8800000000001
231.00;343.1999999999999
232.00;329.7399999999998
233.00;346.97999999999996
234.00;339.28999999999996
235.00;347.30999999999943
236.00;342.21000000000015
237.00;335.7299999999998
238.00;335.8499999999999
239.00;330.48
240.00;300.25000000000006
241.00;239.4100000000001
242.00;249.50999999999993
243.00;249.12000000000006
244.00;253.78000000000006
245.00;252.75000000000009
246.00;273.2500000000001
247.00;257.72000000000025
248.00;272.8699999999999
249.00;273.7399999999997
250.00;291.97
251.00;283.4699999999999
252.00;261.4800000000002
253.00;284.3499999999999
254.00;285.84999999999974
255.00;289.64
256.00;311.89999999999964
257.00;314.7200000000001
258.00;325.11
259.00;352.6400000000001
260.00;360.0999999999997
261.00;381.2499999999996
262.00;371.14999999999986
263.00;382.74000000000024
264.00;406.0399999999998
265.00;416.98999999999995
266.00;393.14000000000004
267.00;430.62999999999994
268.00;434.0799999999999
269.00;428.93999999999977
270.00;409.23999999999984
271.00;410.67
272.00;401.6499999999999
273.00;377.1499999999999
274.00;380.61999999999983
275.00;369.4600000000001
276.00;394.8399999999997
277.00;398.4000000000001
278.00;373.6899999999998
279.00;367.1499999999997
280.00;352.90999999999985
281.00;361.49999999999994
282.00;321.1700000000002
283.00;319.38000000000005
284.00;311.22000000000014
285.00;306.1500000000001
286.00;302.18000000000006
287.00;295.10999999999996
288.00;290.1599999999999
289.00;282.25999999999993
290.00;276.3500000000003
291.00;282.0300000000002
292.00;289.85999999999996
293.00;277.84000000000015
294.00;276.47
295.00;270.5500000000001
296.00;286.79999999999995
297.00;286.06999999999994
298.00;262.11000000000007
299.00;269.83000000000015
300.00;255.58999999999995
301.00;254.32999999999998
302.00;251.8500000000001
303.00;259.1199999999999
304.00;250.94999999999987
305.00;252.02
306.00;248.15999999999994
307.00;255.40000000000012
308.00;268.32000000000005
309.00;268.62
310.00;251.32000000000002
311.00;267.33999999999986
312.00;269.42
313.00;271.2499999999997
314.00;272.1099999999999
315.00;287.0100000000002
316.00;273.1899999999999
317.00;276.54999999999995
318.00;307.11999999999983
319.00;322.5400000000002
320.00;323.0399999999999
321.00;330.68999999999994
322.00;343.8400000000001
323.00;347.59999999999957
324.00;355.28
325.00;366.1200000000001
326.00;329.28999999999996
327.00;335.0900000000003
328.00;343.6900000000002
329.00;362.7199999999995
330.00;382.52999999999986
331.00;385.55
332.00;360.2200000000002
333.00;386.7200000000002
334.00;393.02
335.00;389.85000000000014
336.00;416.19999999999976
337.00;410.6100000000002
338.00;416.5900000000003
339.00;391.61000000000024
340.00;363.77999999999986
341.00;358.16999999999985
342.00;351.4099999999998
343.00;360.94000000000017
344.00;359.97999999999985
345.00;367.13999999999993
346.00;357.40999999999974
347.00;352.43999999999966
348.00;340.6399999999999
349.00;344.13000000000017
350.00;331.68999999999994
351.00;318.75999999999993
352.00;284.68
353.00;278.9399999999997
354.00;267.0899999999998
355.00;276.7900000000001
356.00;269.43999999999994
357.00;258.34000000000015
358.00;257.6699999999999
359.00;242.10000000000005
360.00;244.97000000000008
361.00;232.10999999999999
362.00;220.5500000000001
363.00;213.98000000000002
364.00;204.32999999999993
365.00;211.95999999999984
366.00;208.56000000000006
367.00;199.62000000000006
368.00;198.70999999999992
369.00;196.01000000000002
370.00;201.79000000000008
371.00;199.7800000000001
372.00;202.4100000000001
373.00;237.55999999999992
374.00;235.40999999999988
375.00;221.22000000000006
376.00;228.3900000000001
377.00;240.89000000000007
378.00;228.65
379.00;223.77000000000007
380.00;243.30000000000007
381.00;244.31000000000014
382.00;245.45999999999987
383.00;257.29
384.00;272.27000000000015
385.00;260.2500000000001
386.00;260.94000000000005
387.00;253.72000000000003
388.00;242.85999999999996
389.00;255.56000000000006
390.00;234.34999999999997
391.00;241.85999999999999
392.00;229.28000000000011
393.00;240.4699999999998
394.00;212.85
395.00;221.4899999999999
396.00;213.79999999999993
397.00;199.72000000000003
398.00;201.09999999999988
399.00;207.20000000000002
400.00;211.72000000000006
401.00;211.83000000000013
402.00;204.92000000000013
403.00;197.81999999999994
404.00;182.56999999999996
405.00;182.24
406.00;195.79999999999998
407.00;190.64
408.00;188.64000000000007
409.00;190.99000000000012
410.00;183.48000000000002
411.00;176.15
412.00;187.74999999999997
413.00;181.28999999999994
414.00;183.5300000000001
415.00;190.31000000000017
416.00;185.98999999999995
417.00;189.87000000000003
418.00;184.88000000000005
419.00;199.14999999999992
420.00;203.58000000000013
421.00;196.52999999999997
422.00;194.52000000000004
423.00;208.48000000000002
424.00;202.91000000000005
425.00;194.89999999999995
426.00;216.60999999999984
427.00;209.35
428.00;217.5
429.00;217.44000000000008
430.00;243.0400000000001
431.00;239.85000000000008
432.00;250.48000000000016
433.00;261.9200000000002
434.00;268.79999999999995
435.00;260.19000000000017
436.00;265.47000000000014
437.00;267.69999999999993
438.00;274.31
439.00;271.7800000000002
440.00;264.92
441.00;252.45
442.00;270.6400000000001
443.00;292.5800000000001
444.00;323.0299999999999
445.00;297.2999999999997
446.00;316.40999999999974
447.00;314.91999999999996
448.00;320.9499999999998
449.00;298.0099999999999
450.00;316.93999999999994
451.00;327.4
452.00;329.4199999999999
453.00;311.8999999999999
454.00;318.37999999999994
455.00;304.61999999999983
456.00;275.1499999999998
457.00;271.5800000000001
458.00;252.90999999999997
459.00;262.16
460.00;226.04999999999998
461.00;222.16
462.00;202.55000000000015
463.00;187.3100000000001
464.00;194.10000000000002
465.00;208.4
466.00;208.64999999999998
467.00;190.58999999999997
468.00;208.0800000000001
469.00;199.26000000000013
470.00;180.49999999999994
471.00;186.14999999999998
472.00;169.72000000000008
473.00;181.42999999999998
474.00;189.03
475.00;169.89000000000001
476.00;177.8900000000002
477.00;180.96999999999997
478.00;184.67999999999995
479.00;208.35999999999993
480.00;206.38999999999987
481.00;204.93000000000012
482.00;204.19
483.00;206.87999999999997
484.00;219.13000000000005
485.00;219.46000000000004
486.00;221.46
487.00;218.01000000000008
488.00;226.30000000000018
489.00;222.42000000000002
490.00;238.33000000000007
491.00;234.59000000000006
492.00;262.45000000000005
493.00;260.3999999999999
494.00;274.7800000000001
495.00;239.21000000000015
496.00;228.76000000000002
497.00;224.71000000000006
498.00;202.9400000000001
499.00;180.09
500.00;176.57000000000005
501.00;171.91000000000005
502.00;162.20000000000002
503.00;166.23000000000008
504.00;175.6499999999999
505.00;129.92999999999998
506.00;133.45999999999998
507.00;140.98999999999998
508.00;132.19
509.00;152.16000000000005
510.00;150.97
511.00;164.22999999999993
512.00;177.82000000000002
513.00;156.52999999999994
514.00;149.98999999999995
515.00;145.54
516.00;136.37000000000006
517.00;134.18
518.00;120.28
519.00;106.59000000000003
520.00;123.36000000000003
521.00;116.27000000000001
522.00;109.82000000000005
523.00;122.06000000000004
524.00;119.23000000000003
525.00;120.76000000000006
526.00;132.53000000000006
527.00;134.31000000000006
528.00;144.06999999999996
529.00;140.78
530.00;161.12
531.00;169.87000000000003
532.00;172.49999999999997
533.00;157.5399999999999
534.00;168.23999999999998
535.00;172.00000000000003
536.00;195.38000000000014
537.00;207.91000000000003
538.00;223.15000000000006
539.00;227.26999999999995
540.00;251.78000000000006
541.00;220.2700000000001
542.00;240.39000000000013
543.00;249.34999999999994
544.00;256.35999999999984
545.00;265.53000000000003
546.00;274.31000000000006
547.00;262.89
548.00;271.78999999999996
549.00;271.13000000000005
550.00;276.63999999999976
551.00;290.1300000000001
552.00;284.23
553.00;269.57999999999976
554.00;279.68000000000006
555.00;266.7799999999999
556.00;238.35000000000002
557.00;225.97999999999993
558.00;239.9100000000002
559.00;230.66
560.00;238.72999999999985
561.00;223.54999999999995
562.00;223.11999999999986
563.00;230.09
564.00;222.62999999999985
565.00;236.41999999999985
566.00;235.73000000000005
567.00;231.7400000000001
568.00;213.48999999999992
569.00;207.0800000000001
570.00;210.7
571.00;181.79999999999984
572.00;176.1400000000001
573.00;187.81000000000006
574.00;176.03000000000006
575.00;184.19000000000005
576.00;190.83999999999997
577.00;169.55000000000004
578.00;157.85000000000002
579.00;158.39
580.00;158.81000000000003
581.00;157.21999999999994
582.00;166.49
583.00;151.19000000000003
584.00;173.78999999999994
585.00;178.37000000000003
586.00;190.56000000000003
587.00;193.93000000000006
588.00;190.8000000000001
589.00;195.44999999999993
590.00;203.3
591.00;208.08000000000013
592.00;218.65999999999985
593.00;223.28000000000003
594.00;227.90999999999994
595.00;240.22000000000003
596.00;242.7
597.00;238.14000000000001
598.00;235.76000000000005
599.00;243.94
600.00;236.02000000000004
601.00;226.1900000000001
602.00;205.38000000000005
603.00;206.76000000000005
604.00;214.59000000000003
605.00;223.32000000000014
606.00;223.79000000000005
607.00;236.35
608.00;249.07000000000008
609.00;245.07999999999998
610.00;266.8500000000001
611.00;253.62999999999982
612.00;270.24999999999983
613.00;254.28999999999994
614.00;253.9499999999999
615.00;239.48
616.00;237.9399999999999
617.00;247.5400000000002
618.00;236.85000000000002
619.00;229.4400000000001
620.00;223.05999999999995
621.00;250.75000000000003
622.00;243.07000000000016
623.00;233.64000000000007
624.00;217.7000000000001
625.00;211.72000000000003
626.00;208.74999999999986
627.00;193.23999999999998
628.00;193.20000000000005
629.00;178.33000000000007
630.00;190.3
631.00;190.92000000000002
632.00;185.93999999999994
633.00;194.51999999999995
634.00;193.83999999999997
635.00;192.92000000000004
636.00;193.26
637.00;197.77999999999997
638.00;216.08000000000004
639.00;203.33000000000004
640.00;201.46000000000015
641.00;196.44
642.00;181.64999999999998
643.00;195.93000000000004
644.00;208.57000000000002
645.00;198.83999999999997
646.00;200.8800000000001
647.00;197.00000000000006
648.00;198.96000000000006
649.00;191.69
650.00;200.89999999999998
651.00;205.49999999999994
652.00;215.80999999999997
653.00;207.58
654.00;217.9100000000001
655.00;218.48999999999995
656.00;206.87999999999985
657.00;203.53000000000014
658.00;218.52000000000015
659.00;230.72000000000008
660.00;218.81000000000012
661.00;228.0799999999999
662.00;230.5100000000001
663.00;219.81000000000012
664.00;210.71999999999994
665.00;212.21999999999997
666.00;223.8300000000002
667.00;210.48999999999992
668.00;205.82999999999996
669.00;211.74999999999997
670.00;195.83999999999997
671.00;201.13000000000002
672.00;188.75000000000003
673.00;185.16
674.00;202.51999999999995
675.00;183.30999999999995
676.00;168.10000000000002
677.00;163.34999999999994
678.00;176.3
679.00;163.89000000000004
680.00;172.39000000000001
681.00;175.51000000000008
682.00;184.62999999999997
683.00;180.50000000000003
684.00;179.99000000000007
685.00;176.33999999999997
686.00;166.87000000000003
687.00;161.24000000000007
688.00;155.98000000000002
689.00;159.90000000000006
690.00;158.88
691.00;147.33999999999995
692.00;143.5700000000001
693.00;147.16000000000003
694.00;146.54
695.00;152.78000000000003
696.00;153.09
697.00;154.1700000000001
698.00;161.76
699.00;167.12
700.00;163.8
701.00;163.42
702.00;172.48999999999998
703.00;176.26999999999995
704.00;179.88000000000005
705.00;189.14999999999998
706.00;195.51999999999998
707.00;186.06999999999996
708.00;186.74999999999997
709.00;203.05999999999997
710.00;202.94000000000014
711.00;208.12000000000006
712.00;205.42
713.00;203.05000000000004
714.00;199.5700000000001
715.00;199.50999999999993
716.00;184.10000000000008
717.00;187.23000000000002
718.00;165.92000000000002
719.00;168.60000000000005
720.00;156.38999999999996
721.00;150.1
722.00;156.28
723.00;146.36999999999998
724.00;145.14999999999998
725.00;128.69000000000003
726.00;144.04999999999995
727.00;130.01000000000002
728.00;129.33999999999997
729.00;116.53000000000002
730.00;137.00999999999996
731.00;121.47999999999999
732.00;117.84000000000002
733.00;129.14000000000004
734.00;134.74999999999997
735.00;133.35999999999996
736.00;136.25000000000006
737.00;143.61999999999995
738.00;152.50000000000003
739.00;158.51
740.00;157.38999999999996
741.00;153.45000000000002
742.00;167.91000000000003
743.00;176.31
744.00;175.08
745.00;186.9100000000001
746.00;194.67
747.00;207.05
748.00;213.10999999999993
749.00;202.41000000000008
750.00;201.14000000000007
751.00;211.00000000000009
752.00;187.79000000000005
753.00;186.63000000000005
754.00;166.77
755.00;175.42
756.00;164.45999999999995
757.00;167.58
758.00;167.85999999999996
759.00;162.02
760.00;146.52999999999992
761.00;161.77000000000007
762.00;139.41999999999993
763.00;139.07999999999998
764.00;130.17
765.00;136.82
766.00;145.84
767.00;153.31000000000006
768.00;158.54999999999998
769.00;159.39999999999998
770.00;153.21999999999994
771.00;154.69
772.00;150.9
773.00;155.48000000000005
774.00;152.70999999999998
775.00;139.50000000000003
776.00;136.74999999999997
777.00;145.4699999999999
778.00;142.29
779.00;141.39000000000004
780.00;150.94
781.00;137.47
782.00;141.14999999999995
783.00;144.81000000000006
784.00;129.21000000000004
785.00;132.08
786.00;143.07000000000005
787.00;147.62999999999997
788.00;126.66000000000001
789.00;146.67999999999992
790.00;123.12000000000002
791.00;121.71
792.00;127.1
793.00;135.60000000000008
794.00;142.79999999999998
795.00;163.0699999999999
796.00;148.69000000000003
797.00;150.01000000000002
798.00;149.24999999999997
799.00;167.67999999999995
800.00;166.55000000000007
801.00;170.22000000000003
802.00;179.91999999999996
803.00;175.35000000000005
804.00;156.61999999999998
805.00;164.56
806.00;161.0
807.00;170.5
808.00;148.68
809.00;168.85000000000002
810.00;150.72000000000006
811.00;142.35999999999996
812.00;147.62
813.00;134.79999999999998
814.00;122.37000000000005
815.00;130.27
816.00;116.85000000000001
817.00;121.83
818.00;134.99000000000004
819.00;127.56999999999996
820.00;118.43000000000004
821.00;129.80000000000007
822.00;123.29
823.00;124.04000000000003
824.00;125.18
825.00;124.69000000000003
826.00;129.95
827.00;124.19000000000003
828.00;124.03000000000002
829.00;105.67999999999996
830.00;99.33000000000001
831.00;91.86000000000001
832.00;101.17999999999999
833.00;103.26000000000006
834.00;102.71000000000002
835.00;115.11999999999999
836.00;123.52
837.00;110.67999999999999
838.00;109.10999999999997
839.00;105.28999999999999
840.00;100.81000000000004
841.00;100.25000000000003
842.00;94.70999999999998
843.00;92.94000000000003
844.00;100.82000000000002
845.00;101.48000000000002
846.00;105.12
847.00;111.95999999999997
848.00;122.25999999999998
849.00;112.15000000000009
850.00;120.01
851.00;129.57999999999998
852.00;126.29000000000002
853.00;130.23000000000002
854.00;139.35000000000008
855.00;138.40000000000003
856.00;128.53
857.00;123.84000000000006
858.00;124.38000000000007
859.00;122.27000000000002
860.00;134.22000000000008
861.00;125.84000000000002
862.00;124.89999999999993
863.00;125.92000000000003
864.00;129.53
865.00;135.17000000000002
866.00;144.95
867.00;146.46000000000006
868.00;135.36999999999998
869.00;149.64
870.00;136.22999999999993
871.00;130.34
872.00;138.45999999999998
873.00;126.75000000000001
874.00;113.66
875.00;111.91000000000003
876.00;103.69000000000003
877.00;100.54999999999998
878.00;88.43999999999996
879.00;86.66
880.00;83.78
881.00;85.27999999999996
882.00;71.81
883.00;80.27
884.00;71.45000000000003
885.00;69.91
886.00;69.47
887.00;76.21000000000004
888.00;80.61999999999998
889.00;80.19
890.00;83.78000000000002
891.00;86.46000000000002
892.00;63.26999999999997
893.00;78.52000000000004
894.00;92.71
895.00;83.41999999999999
896.00;90.44000000000005
897.00;82.64000000000004
898.00;89.53000000000003
899.00;93.82000000000002
900.00;92.04999999999998
901.00;90.53999999999996
902.00;95.57999999999998
903.00;101.30000000000001
904.00;106.72999999999999
905.00;105.54
906.00;100.09999999999997
907.00;105.57
908.00;110.21
909.00;115.59
910.00;128.31
911.00;128.73000000000002
912.00;129.75
913.00;120.44000000000001
914.00;121.62000000000003
915.00;127.29999999999998
916.00;125.68
917.00;114.87
918.00;118.60000000000004
919.00;121.76999999999994
920.00;126.99999999999999
921.00;119.13000000000001
922.00;120.99000000000001
923.00;108.09
924.00;107.61
925.00;117.99999999999997
926.00;120.40000000000006
927.00;128.34000000000006
928.00;116.69000000000005
929.00;115.95000000000002
930.00;118.96000000000001
931.00;111.28999999999999
932.00;105.66000000000005
933.00;99.33000000000001
934.00;98.16999999999999
935.00;106.64
936.00;101.47999999999998
937.00;98.80000000000004
938.00;95.01999999999998
939.00;112.57000000000002
940.00;95.64999999999999
941.00;112.88000000000005
942.00;105.02000000000005
943.00;108.64999999999999
944.00;110.88000000000008
945.00;105.17999999999999
946.00;128.54000000000002
947.00;121.82
948.00;129.30999999999997
949.00;139.82
950.00;132.23000000000008
951.00;134.99999999999997
952.00;122.54
953.00;125.18000000000004
954.00;128.85
955.00;126.69000000000004
956.00;137.93000000000004
957.00;123.29000000000002
958.00;128.45000000000005
959.00;119.48
960.00;126.41000000000003
961.00;127.41000000000005
962.00;122.09999999999998
963.00;116.83000000000006
964.00;126.02000000000002
965.00;118.50999999999995
966.00;117.92999999999999
967.00;126.71000000000005
968.00;124.28000000000003
969.00;123.50000000000004
970.00;131.91000000000005
971.00;137.11999999999992
972.00;138.81
973.00;152.09000000000012
974.00;163.85000000000002
975.00;168.87000000000003
976.00;161.27
977.00;174.89
978.00;179.07999999999998
979.00;176.39999999999995
980.00;179.54000000000005
981.00;190.89000000000001
982.00;197.2299999999999
983.00;207.60999999999996
984.00;202.48000000000002
985.00;215.03000000000003
986.00;235.39000000000001
987.00;236.60000000000008
988.00;229.12999999999997
989.00;218.90000000000006
990.00;240.54999999999993
991.00;226.88000000000005
992.00;228.42000000000002
993.00;194.25
994.00;181.34999999999997
995.00;187.47
996.00;183.27999999999997
997.00;175.18000000000012
998.00;183.81999999999996
999.00;159.53000000000006
1000.00;169.02999999999997
1001.00;163.76000000000002
1002.00;163.69999999999987
1003.00;173.25999999999996
1004.00;154.27000000000004
1005.00;165.1000000000001
1006.00;158.10000000000008
1007.00;160.48999999999998
1008.00;156.85000000000005
1009.00;171.48000000000005
1010.00;173.54
1011.00;182.55999999999992
1012.00;180.41000000000005
1013.00;196.92999999999998
1014.00;190.25999999999993
1015.00;191.78999999999988
1016.00;196.89000000000004
1017.00;198.10999999999999
1018.00;191.54000000000013
1019.00;189.31000000000006
1020.00;195.84999999999997
1021.00;181.96000000000004
1022.00;187.84000000000015
1023.00;166.27
1024.00;171.81
1025.00;169.04
1026.00;162.4100000000001
1027.00;159.68000000000004
1028.00;183.46000000000004
1029.00;182.45
1030.00;172.25
1031.00;184.76999999999992
1032.00;191.11
1033.00;187.15
1034.00;183.00000000000009
1035.00;171.89
1036.00;160.11
1037.00;169.22
1038.00;157.84
1039.00;174.60000000000002
1040.00;176.79000000000008
1041.00;170.2800000000001
1042.00;165.33000000000004
1043.00;177.89000000000004
1044.00;166.14999999999992
1045.00;162.75999999999996
1046.00;162.26999999999998
1047.00;178.92000000000004
1048.00;183.46000000000004
1049.00;187.15
1050.00;193.50999999999996
1051.00;198.92000000000004
1052.00;185.73999999999998
1053.00;182.35999999999999
1054.00;181.67000000000002
1055.00;166.28000000000003
1056.00;175.21000000000004
1057.00;174.83
1058.00;175.87000000000003
1059.00;194.09
1060.00;196.37000000000003
1061.00;194.86
1062.00;191.15
1063.00;189.1100000000001
1064.00;167.64
1065.00;145.76
1066.00;149.92999999999998
1067.00;166.28
1068.00;163.80000000000004
1069.00;168.24
1070.00;157.82
1071.00;148.46000000000004
1072.00;135.53
1073.00;158.80999999999997
1074.00;148.79000000000005
1075.00;136.14000000000004
1076.00;142.54
1077.00;152.12000000000003
1078.00;156.89000000000013
1079.00;150.11999999999995
1080.00;153.30000000000004
1081.00;136.58
1082.00;151.98000000000002
1083.00;140.13000000000005
1084.00;138.62999999999997
1085.00;141.57000000000002
1086.00;133.01999999999995
1087.00;118.57
1088.00;119.08999999999999
1089.00;123.09
1090.00;129.22000000000008
1091.00;115.47000000000003
1092.00;117.98000000000002
1093.00;118.50000000000001
1094.00;115.55000000000003
1095.00;118.27999999999999
1096.00;122.50999999999998
1097.00;134.07000000000002
1098.00;123.68
1099.00;130.59000000000003
1100.00;124.56
1101.00;135.51
1102.00;136.02000000000004
1103.00;136.00999999999996
1104.00;126.57
1105.00;125.54999999999998
1106.00;124.02000000000001
1107.00;118.70999999999997
1108.00;131.13000000000005
1109.00;128.62000000000006
1110.00;129.59000000000006
1111.00;138.41
1112.00;135.14
1113.00;135.94000000000003
1114.00;129.08
1115.00;122.5
1116.00;124.38000000000004
1117.00;128.75000000000006
1118.00;115.81999999999996
1119.00;128.74000000000004
1120.00;129.71999999999997
1121.00;133.52999999999994
1122.00;136.67000000000007
1123.00;136.64000000000004
1124.00;134.1099999999999
1125.00;134.82
1126.00;128.92999999999998
1127.00;128.81000000000003
1128.00;141.12999999999994
1129.00;142.85999999999999
1130.00;149.62999999999988
1131.00;135.85000000000002
1132.00;149.82000000000008
1133.00;155.69999999999987
1134.00;169.58999999999997
1135.00;172.12000000000006
1136.00;172.87999999999997
1137.00;175.52000000000007
1138.00;173.79000000000005
1139.00;175.33000000000004
1140.00;178.68999999999997
1141.00;175.02000000000004
1142.00;167.49999999999991
1143.00;159.56000000000003
1144.00;172.85000000000002
1145.00;174.8200000000001
1146.00;182.17000000000004
1147.00;177.03000000000006
1148.00;185.76
1149.00;191.68
1150.00;185.67000000000004
1151.00;171.71000000000006
1152.00;190.24999999999997
1153.00;153.97999999999996
1154.00;148.48
1155.00;142.73000000000005
1156.00;153.27999999999997
1157.00;142.22
1158.00;135.43000000000004
1159.00;127.55999999999999
1160.00;121.39999999999996
1161.00;129.54999999999998
1162.00;109.57000000000002
1163.00;106.95000000000005
1164.00;103.80999999999996
1165.00;122.92000000000003
1166.00;117.74999999999997
1167.00;117.25000000000001
1168.00;129.37000000000003
1169.00;131.17000000000002
1170.00;122.83999999999996
1171.00;140.23000000000002
1172.00;144.49000000000007
1173.00;145.42
1174.00;143.45000000000005
1175.00;129.01000000000005
1176.00;131.48000000000002
1177.00;140.20000000000007
1178.00;150.42999999999998
1179.00;154.17000000000002
1180.00;157.55000000000007
1181.00;149.55000000000004
1182.00;145.3199999999999
1183.00;144.31
1184.00;156.24000000000007
1185.00;156.91000000000003
1186.00;174.84
1187.00;166.0100000000001
1188.00;187.29999999999995
1189.00;173.26000000000005
1190.00;175.55
1191.00;171.39000000000004
1192.00;153.04
1193.00;156.98000000000005
1194.00;160.47000000000006
1195.00;172.7200000000001
1196.00;167.4
1197.00;166.36000000000007
1198.00;167.82999999999998
1199.00;153.37999999999988
1200.00;153.2000000000001
1201.00;166.04999999999998
1202.00;167.58
1203.00;142.48000000000002
1204.00;153.93000000000004
1205.00;144.35999999999999
1206.00;141.70999999999998
1207.00;144.81000000000003
1208.00;126.8
1209.00;127.31999999999996
1210.00;129.95000000000002
1211.00;124.16000000000007
1212.00;125.46000000000002
1213.00;135.43999999999997
1214.00;125.36999999999996
1215.00;124.56000000000002
1216.00;123.35
1217.00;130.9
1218.00;143.93000000000012
1219.00;151.16
1220.00;137.32000000000002
1221.00;156.01999999999984
1222.00;163.3200000000001
1223.00;171.76999999999998
1224.00;164.26
1225.00;166.71000000000006
1226.00;156.96000000000012
1227.00;153.93
1228.00;161.35000000000014
1229.00;170.54999999999995
1230.00;170.11000000000004
1231.00;157.8499999999999
1232.00;147.08999999999992
1233.00;159.72000000000006
1234.00;142.60000000000005
1235.00;139.71999999999994
1236.00;145.47000000000006
1237.00;159.30000000000004
1238.00;166.66000000000005
1239.00;164.77999999999992
1240.00;159.36000000000004
1241.00;158.63000000000008
1242.00;163.11000000000013
1243.00;162.72
1244.00;171.68000000000006
1245.00;164.62
1246.00;166.55999999999992
1247.00;175.11000000000007
1248.00;165.79000000000008
1249.00;182.35
1250.00;184.93999999999994
1251.00;185.4099999999999
1252.00;192.99
1253.00;188.75
1254.00;173.18000000000004
1255.00;157.24000000000007
1256.00;165.41
1257.00;172.0300000000001
1258.00;165.27000000000004
1259.00;172.11999999999998
1260.00;188.07999999999987
1261.00;188.7000000000001
1262.00;188.34999999999988
1263.00;181.79000000000008
1264.00;191.13000000000005
1265.00;198.55
1266.00;174.0900000000001
1267.00;186.4799999999999
1268.00;169.11999999999998
1269.00;188.84000000000006
1270.00;193.46999999999994
1271.00;188.14
1272.00;187.61999999999983
1273.00;192.17
1274.00;192.28
1275.00;191.08000000000018
1276.00;206.86999999999998
1277.00;207.72000000000006
1278.00;192.07999999999996
1279.00;176.02999999999992
1280.00;188.72999999999996
1281.00;191.87
1282.00;168.31999999999996
1283.00;185.90000000000006
1284.00;207.71999999999994
1285.00;202.65999999999997
1286.00;200.10000000000002
1287.00;197.95000000000005
1288.00;189.26
1289.00;189.64000000000001
1290.00;197.92000000000002
1291.00;194.02999999999997
1292.00;182.58
1293.00;183.54999999999993
1294.00;192.76999999999995
1295.00;183.91999999999993
1296.00;192.45000000000007
1297.00;194.68000000000004
1298.00;204.08999999999997
1299.00;174.1800000000001
1300.00;184.88000000000005
1301.00;174.9199999999999
1302.00;176.39000000000001
1303.00;175.98000000000008
1304.00;152.28
1305.00;141.82999999999998
1306.00;136.26000000000002
1307.00;139.00000000000006
1308.00;124.09000000000005
1309.00;119.34000000000002
1310.00;140.94999999999996
1311.00;145.6399999999999
1312.00;139.58000000000004
1313.00;113.39000000000001
1314.00;124.84000000000002
1315.00;116.40000000000006
1316.00;129.58999999999997
1317.00;125.04
1318.00;141.59000000000003
1319.00;142.42000000000002
1320.00;154.99999999999997
1321.00;160.57
1322.00;157.88000000000005
1323.00;168.98999999999998
1324.00;185.17000000000002
1325.00;203.68
1326.00;185.62000000000003
1327.00;192.82000000000002
1328.00;201.68999999999997
1329.00;209.69000000000014
1330.00;193.7
1331.00;185.93
1332.00;199.42999999999998
1333.00;180.0900000000001
1334.00;189.36000000000016
1335.00;216.04000000000005
1336.00;210.95999999999995
1337.00;220.41000000000003
1338.00;223.57000000000014
1339.00;216.8499999999999
1340.00;200.23000000000005
1341.00;186.57999999999998
1342.00;194.33000000000004
1343.00;174.7399999999999
1344.00;166.06000000000003
1345.00;157.69000000000003
1346.00;169.95000000000002
1347.00;143.01999999999992
1348.00;159.96
1349.00;155.63
1350.00;177.12999999999997
1351.00;177.41999999999996
1352.00;159.64000000000001
1353.00;158.42000000000004
1354.00;150.26000000000008
1355.00;154.54999999999993
1356.00;144.41000000000003
1357.00;147.23999999999995
1358.00;162.69000000000014
1359.00;154.96999999999997
1360.00;150.96999999999997
1361.00;148.69000000000003
1362.00;161.36999999999998
1363.00;163.85999999999993
1364.00;150.41000000000005
1365.00;146.22999999999996
1366.00;147.44999999999993
1367.00;151.65000000000003
1368.00;141.95000000000002
1369.00;145.29999999999998
1370.00;153.65999999999997
1371.00;139.49999999999997
1372.00;125.89
1373.00;153.27999999999997
1374.00;131.95999999999998
1375.00;154.88
1376.00;146.66000000000008
1377.00;143.57
1378.00;156.1599999999999
1379.00;162.3
1380.00;165.34
1381.00;167.90999999999997
1382.00;163.11999999999998
1383.00;173.39999999999998
1384.00;166.16999999999996
1385.00;159.24000000000004
1386.00;156.9
1387.00;155.63000000000008
1388.00;145.39999999999998
1389.00;155.23
1390.00;134.81000000000006
1391.00;134.17999999999998
1392.00;147.87
1393.00;152.55999999999997
1394.00;136.03999999999996
1395.00;126.53000000000007
1396.00;127.39000000000003
1397.00;139.14999999999992
1398.00;121.10000000000001
1399.00;126.81000000000003
1400.00;116.68000000000005
1401.00;127.23
1402.00;122.28000000000003
1403.00;132.90000000000003
1404.00;126.65
1405.00;124.20000000000005
1406.00;130.73999999999998
1407.00;128.89999999999995
1408.00;141.39999999999995
1409.00;127.30999999999996
1410.00;120.84999999999992
1411.00;112.03000000000002
1412.00;114.99
1413.00;100.73000000000002
1414.00;98.16999999999997
1415.00;103.55000000000001
1416.00;119.72999999999998
1417.00;109.15999999999997
1418.00;108.64999999999998
1419.00;112.92000000000003
1420.00;108.30999999999996
1421.00;123.55000000000004
1422.00;116.08000000000003
1423.00;118.34
1424.00;110.83000000000003
1425.00;122.27999999999999
1426.00;114.04000000000005
1427.00;105.66999999999999
1428.00;114.25999999999996
1429.00;101.30000000000003
1430.00;114.71000000000001
1431.00;110.81999999999996
1432.00;108.25999999999999
1433.00;101.34
1434.00;109.44
1435.00;106.59
1436.00;110.72000000000001
1437.00;118.98
1438.00;114.63000000000002
1439.00;126.71000000000002
1440.00;125.01999999999998
1441.00;116.37000000000003
1442.00;120.45000000000002
1443.00;114.96000000000005
1444.00;115.12000000000002
1445.00;116.50000000000003
1446.00;113.26
1447.00;123.95000000000002
1448.00;121.43
1449.00;105.74000000000004
1450.00;114.07000000000006
1451.00;131.21000000000004
1452.00;133.00999999999996
1453.00;130.78000000000003
1454.00;136.4
1455.00;139.55999999999997
1456.00;128.09000000000006
1457.00;114.22999999999998
1458.00;122.14
1459.00;126.37
1460.00;127.98000000000002
1461.00;113.65
1462.00;112.85999999999999
1463.00;109.87999999999998
1464.00;99.14
1465.00;97.42999999999998
1466.00;95.74000000000004
1467.00;89.56999999999994
1468.00;92.95
1469.00;90.12000000000002
1470.00;95.32999999999998
1471.00;98.17999999999999
1472.00;90.15999999999998
1473.00;93.27
1474.00;80.94000000000001
1475.00;88.94999999999999
1476.00;95.88000000000001
1477.00;82.88
1478.00;100.49000000000001
1479.00;86.53000000000002
1480.00;94.75000000000001
1481.00;100.55999999999999
1482.00;95.33000000000003
1483.00;98.22000000000001
1484.00;112.84000000000003
1485.00;110.58000000000003
1486.00;115.51000000000002
1487.00;114.10999999999999
1488.00;119.63
1489.00;112.04999999999997
1490.00;105.01999999999998
1491.00;109.72000000000003
1492.00;104.13
1493.00;105.15000000000003
1494.00;90.62
1495.00;87.40000000000002
1496.00;82.06000000000002
1497.00;69.57000000000001
1498.00;55.49999999999998
1499.00;61.39000000000003
1500.00;74.53000000000002
1501.00;72.33
1502.00;74.92
1503.00;70.93999999999998
1504.00;74.98000000000002
1505.00;78.96999999999998
1506.00;82.04999999999998
1507.00;81.48999999999998
1508.00;89.79999999999997
1509.00;83.80000000000001
1510.00;92.36000000000001
1511.00;99.81000000000002
1512.00;98.44
1513.00;99.94000000000005
1514.00;110.63999999999999
1515.00;110.81
1516.00;113.74000000000002
1517.00;108.11999999999999
1518.00;119.16999999999999
1519.00;126.98000000000002
1520.00;113.71000000000001
1521.00;105.50999999999995
1522.00;105.65
1523.00;113.21
1524.00;92.54
1525.00;95.60000000000001
1526.00;82.27999999999997
1527.00;74.08000000000001
1528.00;76.73
1529.00;72.41000000000001
1530.00;68.28
1531.00;68.77000000000001
1532.00;74.76000000000002
1533.00;74.86
1534.00;73.86000000000001
1535.00;72.14000000000001
1536.00;55.24000000000001
1537.00;50.78999999999999
1538.00;47.400000000000006
1539.00;45.38
1540.00;54.25999999999999
1541.00;47.23999999999999
1542.00;51.769999999999996
1543.00;54.43
1544.00;43.49999999999999
1545.00;43.18000000000001
1546.00;52.83
1547.00;55.690000000000005
1548.00;64.99000000000001
1549.00;68.96999999999998
1550.00;69.78000000000003
1551.00;73.82
1552.00;81.19000000000001
1553.00;68.67
1554.00;80.56999999999998
1555.00;68.24000000000001
1556.00;62.489999999999995
1557.00;66.50000000000001
1558.00;55.59
1559.00;57.14000000000002
1560.00;63.96
1561.00;67.85
1562.00;62.29999999999999
1563.00;61.52999999999999
1564.00;58.080000000000005
1565.00;45.08000000000002
1566.00;61.13999999999999
1567.00;57.96
1568.00;53.470000000000006
1569.00;52.849999999999994
1570.00;55.989999999999995
1571.00;43.05999999999999
1572.00;49.09000000000001
1573.00;43.800000000000004
1574.00;43.11000000000001
1575.00;47.98000000000001
1576.00;44.26
1577.00;41.38
1578.00;44.04
1579.00;52.43
1580.00;54.18
1581.00;56.96
1582.00;51.599999999999994
1583.00;63.269999999999996
1584.00;54.48
1585.00;54.35000000000001
1586.00;60.52999999999998
1587.00;57.44
1588.00;55.53999999999999
1589.00;61.67
1590.00;61.919999999999995
1591.00;52.76
1592.00;57.07000000000001
1593.00;65.22
1594.00;52.36
1595.00;59.309999999999995
1596.00;62.809999999999995
1597.00;62.059999999999995
1598.00;58.88
1599.00;56.349999999999994
1600.00;65.86999999999999
1601.00;71.03999999999998
1602.00;61.16
1603.00;59.27999999999999
1604.00;42.769999999999996
1605.00;49.959999999999994
1606.00;52.51
1607.00;42.44999999999999
1608.00;54.21999999999999
1609.00;48.43
1610.00;49.38
1611.00;47.88000000000002
1612.00;47.449999999999996
1613.00;32.26
1614.00;42.779999999999994
1615.00;39.34
1616.00;39.69000000000001
1617.00;43.919999999999995
1618.00;59.04
1619.00;53.45
1620.00;47.08
1621.00;45.809999999999995
1622.00;48.27
1623.00;51.68000000000001
1624.00;42.79
1625.00;37.79
1626.00;35.17
1627.00;40.949999999999996
1628.00;36.830000000000005
1629.00;40.969999999999985
1630.00;28.83
1631.00;35.98
1632.00;33.31
1633.00;43.629999999999995
1634.00;42.25000000000001
1635.00;37.989999999999995
1636.00;41.93000000000001
1637.00;30.31
1638.00;32.949999999999996
1639.00;31.009999999999998
1640.00;28.23
1641.00;24.719999999999995
1642.00;28.63
1643.00;27.619999999999997
1644.00;29.410000000000004
1645.00;33.519999999999996
1646.00;41.510000000000005
1647.00;29.75
1648.00;21.32
1649.00;25.939999999999998
1650.00;24.14
1651.00;28.14
1652.00;30.149999999999995
1653.00;28.72
1654.00;27.690000000000005
1655.00;24.38
1656.00;25.630000000000003
1657.00;24.689999999999998
1658.00;29.110000000000003
1659.00;25.419999999999998
1660.00;28.060000000000002
1661.00;27.929999999999996
1662.00;25.470000000000002
1663.00;31.74
1664.00;28.619999999999997
1665.00;30.05
1666.00;27.96
1667.00;20.810000000000002
1668.00;22.89
1669.00;20.41
1670.00;29.51
1671.00;17.560000000000002
1672.00;14.080000000000002
1673.00;22.07
1674.00;20.360000000000003
1675.00;21.470000000000002
1676.00;18.15
1677.00;18.05
1678.00;13.32
1679.00;16.18
1680.00;14.67
1681.00;14.22
1682.00;10.99
1683.00;8.670000000000002
1684.00;10.01
1685.00;10.290000000000001
1686.00;9.76
1687.00;8.25
1688.00;12.29
1689.00;11.24
1690.00;7.1
1691.00;8.97
1692.00;3.84
1693.00;5.140000000000001
1694.00;5.08
1695.00;6.26
1696.00;7.460000000000001
1697.00;5.8
1698.00;6.25
1699.00;9.86
1700.00;9.31
1701.00;6.5
1702.00;9.41
1703.00;6.09
1704.00;8.56
1705.00;5.930000000000001
1706.00;5.359999999999999
1707.00;6.45
1708.00;5.91
1709.00;3.8999999999999995
1710.00;7.42
1711.00;5.82
1712.00;6.41
1713.00;0.88
1714.00;1.76
1715.00;1.04
1716.00;2.8
1717.00;5.390000000000001
1718.00;6.85
1719.00;7.699999999999999
1720.00;8.81
1721.00;3.49
1722.00;5.56
1723.00;6.4399999999999995
1724.00;5.93
1725.00;9.459999999999999
1726.00;6.99
1727.00;8.780000000000001
1728.00;6.66
1729.00;8.79
1730.00;5.0
1731.00;3.01
1732.00;1.51
1733.00;3.1799999999999997
1734.00;5.14
1735.00;4.720000000000001
1736.00;5.43
1737.00;7.83
1738.00;5.720000000000001
1739.00;6.109999999999999
1740.00;2.62
1741.00;1.42
1742.00;3.25
1743.00;2.11
1744.00;2.1399999999999997
1745.00;2.3600000000000003
1746.00;3.18
1747.00;2.96
1748.00;0.87
1749.00;0
